step 0
[14, 2, 8, 1]
[7, 10, 4, 0]
[6, 15, 11, 5]
[9, 3, 13, 12]
step 1
[14, 2, 8, 0]
[7, 10, 4, 1]
[6, 15, 11, 5]
[9, 3, 13, 12]
step 2
[14, 2, 0, 8]
[7, 10, 4, 1]
[6, 15, 11, 5]
[9, 3, 13, 12]
step 3
[14, 2, 4, 8]
[7, 10, 0, 1]
[6, 15, 11, 5]
[9, 3, 13, 12]
step 4
[14, 2, 4, 8]
[7, 10, 1, 0]
[6, 15, 11, 5]
[9, 3, 13, 12]
step 5
[14, 2, 4, 8]
[7, 10, 1, 5]
[6, 15, 11, 0]
[9, 3, 13, 12]
step 6
[14, 2, 4, 8]
[7, 10, 1, 5]
[6, 15, 0, 11]
[9, 3, 13, 12]
step 7
[14, 2, 4, 8]
[7, 10, 1, 5]
[6, 0, 15, 11]
[9, 3, 13, 12]
step 8
[14, 2, 4, 8]
[7, 10, 1, 5]
[6, 3, 15, 11]
[9, 0, 13, 12]
step 9
[14, 2, 4, 8]
[7, 10, 1, 5]
[6, 3, 15, 11]
[9, 13, 0, 12]
step 10
[14, 2, 4, 8]
[7, 10, 1, 5]
[6, 3, 0, 11]
[9, 13, 15, 12]
step 11
[14, 2, 4, 8]
[7, 10, 1, 5]
[6, 0, 3, 11]
[9, 13, 15, 12]
step 12
[14, 2, 4, 8]
[7, 0, 1, 5]
[6, 10, 3, 11]
[9, 13, 15, 12]
step 13
[14, 2, 4, 8]
[7, 1, 0, 5]
[6, 10, 3, 11]
[9, 13, 15, 12]
step 14
[14, 2, 4, 8]
[7, 1, 5, 0]
[6, 10, 3, 11]
[9, 13, 15, 12]
step 15
[14, 2, 4, 0]
[7, 1, 5, 8]
[6, 10, 3, 11]
[9, 13, 15, 12]
step 16
[14, 2, 0, 4]
[7, 1, 5, 8]
[6, 10, 3, 11]
[9, 13, 15, 12]
step 17
[14, 0, 2, 4]
[7, 1, 5, 8]
[6, 10, 3, 11]
[9, 13, 15, 12]
step 18
[14, 1, 2, 4]
[7, 0, 5, 8]
[6, 10, 3, 11]
[9, 13, 15, 12]
step 19
[14, 1, 2, 4]
[7, 5, 0, 8]
[6, 10, 3, 11]
[9, 13, 15, 12]
step 20
[14, 1, 2, 4]
[7, 5, 3, 8]
[6, 10, 0, 11]
[9, 13, 15, 12]
step 21
[14, 1, 2, 4]
[7, 5, 3, 8]
[6, 0, 10, 11]
[9, 13, 15, 12]
step 22
[14, 1, 2, 4]
[7, 0, 3, 8]
[6, 5, 10, 11]
[9, 13, 15, 12]
step 23
[14, 1, 2, 4]
[0, 7, 3, 8]
[6, 5, 10, 11]
[9, 13, 15, 12]
step 24
[0, 1, 2, 4]
[14, 7, 3, 8]
[6, 5, 10, 11]
[9, 13, 15, 12]
step 25
[1, 0, 2, 4]
[14, 7, 3, 8]
[6, 5, 10, 11]
[9, 13, 15, 12]
step 26
[1, 2, 0, 4]
[14, 7, 3, 8]
[6, 5, 10, 11]
[9, 13, 15, 12]
step 27
[1, 2, 3, 4]
[14, 7, 0, 8]
[6, 5, 10, 11]
[9, 13, 15, 12]
step 28
[1, 2, 3, 4]
[14, 0, 7, 8]
[6, 5, 10, 11]
[9, 13, 15, 12]
step 29
[1, 2, 3, 4]
[14, 5, 7, 8]
[6, 0, 10, 11]
[9, 13, 15, 12]
step 30
[1, 2, 3, 4]
[14, 5, 7, 8]
[0, 6, 10, 11]
[9, 13, 15, 12]
step 31
[1, 2, 3, 4]
[0, 5, 7, 8]
[14, 6, 10, 11]
[9, 13, 15, 12]
step 32
[1, 2, 3, 4]
[5, 0, 7, 8]
[14, 6, 10, 11]
[9, 13, 15, 12]
step 33
[1, 2, 3, 4]
[5, 6, 7, 8]
[14, 0, 10, 11]
[9, 13, 15, 12]
step 34
[1, 2, 3, 4]
[5, 6, 7, 8]
[0, 14, 10, 11]
[9, 13, 15, 12]
step 35
[1, 2, 3, 4]
[5, 6, 7, 8]
[9, 14, 10, 11]
[0, 13, 15, 12]
step 36
[1, 2, 3, 4]
[5, 6, 7, 8]
[9, 14, 10, 11]
[13, 0, 15, 12]
step 37
[1, 2, 3, 4]
[5, 6, 7, 8]
[9, 0, 10, 11]
[13, 14, 15, 12]
step 38
[1, 2, 3, 4]
[5, 6, 7, 8]
[9, 10, 0, 11]
[13, 14, 15, 12]
step 39
[1, 2, 3, 4]
[5, 6, 7, 8]
[9, 10, 11, 0]
[13, 14, 15, 12]
step 40
[1, 2, 3, 4]
[5, 6, 7, 8]
[9, 10, 11, 12]
[13, 14, 15, 0]
bound 40
time 5.373098611831665