(li) jianghao@club02:/data3/lhw/aihomework/3$ python3 A.py
game finished! The process is:
[[ 5  6  4 12]
 [ 0 14  9  1]
 [11  3  8 15]
 [10  7  2 13]]
-------------------
[[ 5  6  4 12]
 [14  0  9  1]
 [11  3  8 15]
 [10  7  2 13]]
-------------------
[[ 5  6  4 12]
 [14  9  0  1]
 [11  3  8 15]
 [10  7  2 13]]
-------------------
[[ 5  6  4 12]
 [14  9  1  0]
 [11  3  8 15]
 [10  7  2 13]]
-------------------
[[ 5  6  4  0]
 [14  9  1 12]
 [11  3  8 15]
 [10  7  2 13]]
-------------------
[[ 5  6  0  4]
 [14  9  1 12]
 [11  3  8 15]
 [10  7  2 13]]
-------------------
[[ 5  6  1  4]
 [14  9  0 12]
 [11  3  8 15]
 [10  7  2 13]]
-------------------
[[ 5  6  1  4]
 [14  9  8 12]
 [11  3  0 15]
 [10  7  2 13]]
-------------------
[[ 5  6  1  4]
 [14  9  8 12]
 [11  3  2 15]
 [10  7  0 13]]
-------------------
[[ 5  6  1  4]
 [14  9  8 12]
 [11  3  2 15]
 [10  7 13  0]]
-------------------
[[ 5  6  1  4]
 [14  9  8 12]
 [11  3  2  0]
 [10  7 13 15]]
-------------------
[[ 5  6  1  4]
 [14  9  8  0]
 [11  3  2 12]
 [10  7 13 15]]
-------------------
[[ 5  6  1  4]
 [14  9  0  8]
 [11  3  2 12]
 [10  7 13 15]]
-------------------
[[ 5  6  1  4]
 [14  9  2  8]
 [11  3  0 12]
 [10  7 13 15]]
-------------------
[[ 5  6  1  4]
 [14  9  2  8]
 [11  0  3 12]
 [10  7 13 15]]
-------------------
[[ 5  6  1  4]
 [14  9  2  8]
 [ 0 11  3 12]
 [10  7 13 15]]
-------------------
[[ 5  6  1  4]
 [ 0  9  2  8]
 [14 11  3 12]
 [10  7 13 15]]
-------------------
[[ 5  6  1  4]
 [ 9  0  2  8]
 [14 11  3 12]
 [10  7 13 15]]
-------------------
[[ 5  0  1  4]
 [ 9  6  2  8]
 [14 11  3 12]
 [10  7 13 15]]
-------------------
[[ 5  1  0  4]
 [ 9  6  2  8]
 [14 11  3 12]
 [10  7 13 15]]
-------------------
[[ 5  1  2  4]
 [ 9  6  0  8]
 [14 11  3 12]
 [10  7 13 15]]
-------------------
[[ 5  1  2  4]
 [ 9  6  3  8]
 [14 11  0 12]
 [10  7 13 15]]
-------------------
[[ 5  1  2  4]
 [ 9  6  3  8]
 [14  0 11 12]
 [10  7 13 15]]
-------------------
[[ 5  1  2  4]
 [ 9  6  3  8]
 [14  7 11 12]
 [10  0 13 15]]
-------------------
[[ 5  1  2  4]
 [ 9  6  3  8]
 [14  7 11 12]
 [10 13  0 15]]
-------------------
[[ 5  1  2  4]
 [ 9  6  3  8]
 [14  7  0 12]
 [10 13 11 15]]
-------------------
[[ 5  1  2  4]
 [ 9  6  3  8]
 [14  0  7 12]
 [10 13 11 15]]
-------------------
[[ 5  1  2  4]
 [ 9  6  3  8]
 [ 0 14  7 12]
 [10 13 11 15]]
-------------------
[[ 5  1  2  4]
 [ 9  6  3  8]
 [10 14  7 12]
 [ 0 13 11 15]]
-------------------
[[ 5  1  2  4]
 [ 9  6  3  8]
 [10 14  7 12]
 [13  0 11 15]]
-------------------
[[ 5  1  2  4]
 [ 9  6  3  8]
 [10  0  7 12]
 [13 14 11 15]]
-------------------
[[ 5  1  2  4]
 [ 9  6  3  8]
 [ 0 10  7 12]
 [13 14 11 15]]
-------------------
[[ 5  1  2  4]
 [ 0  6  3  8]
 [ 9 10  7 12]
 [13 14 11 15]]
-------------------
[[ 0  1  2  4]
 [ 5  6  3  8]
 [ 9 10  7 12]
 [13 14 11 15]]
-------------------
[[ 1  0  2  4]
 [ 5  6  3  8]
 [ 9 10  7 12]
 [13 14 11 15]]
-------------------
[[ 1  2  0  4]
 [ 5  6  3  8]
 [ 9 10  7 12]
 [13 14 11 15]]
-------------------
[[ 1  2  3  4]
 [ 5  6  0  8]
 [ 9 10  7 12]
 [13 14 11 15]]
-------------------
[[ 1  2  3  4]
 [ 5  6  7  8]
 [ 9 10  0 12]
 [13 14 11 15]]
-------------------
[[ 1  2  3  4]
 [ 5  6  7  8]
 [ 9 10 11 12]
 [13 14  0 15]]
-------------------
[[ 1  2  3  4]
 [ 5  6  7  8]
 [ 9 10 11 12]
 [13 14 15  0]]
-------------------
Depth: 40
0.06749129295349121