(li) jianghao@club02:/data3/lhw/aihomework/3$ python3 A.py
game finished! The process is:
[[ 1  7  8 10]
 [ 6  9  0 14]
 [13  3 15  4]
 [11  5 12  2]]
-------------------
[[ 1  7  8 10]
 [ 6  9 14  0]
 [13  3 15  4]
 [11  5 12  2]]
-------------------
[[ 1  7  8 10]
 [ 6  9 14  4]
 [13  3 15  0]
 [11  5 12  2]]
-------------------
[[ 1  7  8 10]
 [ 6  9 14  4]
 [13  3 15  2]
 [11  5 12  0]]
-------------------
[[ 1  7  8 10]
 [ 6  9 14  4]
 [13  3 15  2]
 [11  5  0 12]]
-------------------
[[ 1  7  8 10]
 [ 6  9 14  4]
 [13  3  0  2]
 [11  5 15 12]]
-------------------
[[ 1  7  8 10]
 [ 6  9  0  4]
 [13  3 14  2]
 [11  5 15 12]]
-------------------
[[ 1  7  0 10]
 [ 6  9  8  4]
 [13  3 14  2]
 [11  5 15 12]]
-------------------
[[ 1  7 10  0]
 [ 6  9  8  4]
 [13  3 14  2]
 [11  5 15 12]]
-------------------
[[ 1  7 10  4]
 [ 6  9  8  0]
 [13  3 14  2]
 [11  5 15 12]]
-------------------
[[ 1  7 10  4]
 [ 6  9  0  8]
 [13  3 14  2]
 [11  5 15 12]]
-------------------
[[ 1  7 10  4]
 [ 6  0  9  8]
 [13  3 14  2]
 [11  5 15 12]]
-------------------
[[ 1  7 10  4]
 [ 6  3  9  8]
 [13  0 14  2]
 [11  5 15 12]]
-------------------
[[ 1  7 10  4]
 [ 6  3  9  8]
 [13  5 14  2]
 [11  0 15 12]]
-------------------
[[ 1  7 10  4]
 [ 6  3  9  8]
 [13  5 14  2]
 [ 0 11 15 12]]
-------------------
[[ 1  7 10  4]
 [ 6  3  9  8]
 [ 0  5 14  2]
 [13 11 15 12]]
-------------------
[[ 1  7 10  4]
 [ 6  3  9  8]
 [ 5  0 14  2]
 [13 11 15 12]]
-------------------
[[ 1  7 10  4]
 [ 6  3  9  8]
 [ 5 14  0  2]
 [13 11 15 12]]
-------------------
[[ 1  7 10  4]
 [ 6  3  9  8]
 [ 5 14  2  0]
 [13 11 15 12]]
-------------------
[[ 1  7 10  4]
 [ 6  3  9  8]
 [ 5 14  2 12]
 [13 11 15  0]]
-------------------
[[ 1  7 10  4]
 [ 6  3  9  8]
 [ 5 14  2 12]
 [13 11  0 15]]
-------------------
[[ 1  7 10  4]
 [ 6  3  9  8]
 [ 5 14  2 12]
 [13  0 11 15]]
-------------------
[[ 1  7 10  4]
 [ 6  3  9  8]
 [ 5  0  2 12]
 [13 14 11 15]]
-------------------
[[ 1  7 10  4]
 [ 6  3  9  8]
 [ 5  2  0 12]
 [13 14 11 15]]
-------------------
[[ 1  7 10  4]
 [ 6  3  0  8]
 [ 5  2  9 12]
 [13 14 11 15]]
-------------------
[[ 1  7  0  4]
 [ 6  3 10  8]
 [ 5  2  9 12]
 [13 14 11 15]]
-------------------
[[ 1  0  7  4]
 [ 6  3 10  8]
 [ 5  2  9 12]
 [13 14 11 15]]
-------------------
[[ 1  3  7  4]
 [ 6  0 10  8]
 [ 5  2  9 12]
 [13 14 11 15]]
-------------------
[[ 1  3  7  4]
 [ 6  2 10  8]
 [ 5  0  9 12]
 [13 14 11 15]]
-------------------
[[ 1  3  7  4]
 [ 6  2 10  8]
 [ 5  9  0 12]
 [13 14 11 15]]
-------------------
[[ 1  3  7  4]
 [ 6  2  0  8]
 [ 5  9 10 12]
 [13 14 11 15]]
-------------------
[[ 1  3  0  4]
 [ 6  2  7  8]
 [ 5  9 10 12]
 [13 14 11 15]]
-------------------
[[ 1  0  3  4]
 [ 6  2  7  8]
 [ 5  9 10 12]
 [13 14 11 15]]
-------------------
[[ 1  2  3  4]
 [ 6  0  7  8]
 [ 5  9 10 12]
 [13 14 11 15]]
-------------------
[[ 1  2  3  4]
 [ 0  6  7  8]
 [ 5  9 10 12]
 [13 14 11 15]]
-------------------
[[ 1  2  3  4]
 [ 5  6  7  8]
 [ 0  9 10 12]
 [13 14 11 15]]
-------------------
[[ 1  2  3  4]
 [ 5  6  7  8]
 [ 9  0 10 12]
 [13 14 11 15]]
-------------------
[[ 1  2  3  4]
 [ 5  6  7  8]
 [ 9 10  0 12]
 [13 14 11 15]]
-------------------
[[ 1  2  3  4]
 [ 5  6  7  8]
 [ 9 10 11 12]
 [13 14  0 15]]
-------------------
[[ 1  2  3  4]
 [ 5  6  7  8]
 [ 9 10 11 12]
 [13 14 15  0]]
-------------------
Depth: 40
0.15634584426879883