game finished! The process is:
[[14  2  8  0]
 [ 7 10  4  1]
 [ 6 15 11  5]
 [ 9  3 13 12]]
-------------------
[[14  2  0  8]
 [ 7 10  4  1]
 [ 6 15 11  5]
 [ 9  3 13 12]]
-------------------
[[14  2  4  8]
 [ 7 10  0  1]
 [ 6 15 11  5]
 [ 9  3 13 12]]
-------------------
[[14  2  4  8]
 [ 7 10  1  0]
 [ 6 15 11  5]
 [ 9  3 13 12]]
-------------------
[[14  2  4  8]
 [ 7 10  1  5]
 [ 6 15 11  0]
 [ 9  3 13 12]]
-------------------
[[14  2  4  8]
 [ 7 10  1  5]
 [ 6 15  0 11]
 [ 9  3 13 12]]
-------------------
[[14  2  4  8]
 [ 7 10  1  5]
 [ 6  0 15 11]
 [ 9  3 13 12]]
-------------------
[[14  2  4  8]
 [ 7 10  1  5]
 [ 6  3 15 11]
 [ 9  0 13 12]]
-------------------
[[14  2  4  8]
 [ 7 10  1  5]
 [ 6  3 15 11]
 [ 9 13  0 12]]
-------------------
[[14  2  4  8]
 [ 7 10  1  5]
 [ 6  3  0 11]
 [ 9 13 15 12]]
-------------------
[[14  2  4  8]
 [ 7 10  1  5]
 [ 6  0  3 11]
 [ 9 13 15 12]]
-------------------
[[14  2  4  8]
 [ 7  0  1  5]
 [ 6 10  3 11]
 [ 9 13 15 12]]
-------------------
[[14  2  4  8]
 [ 7  1  0  5]
 [ 6 10  3 11]
 [ 9 13 15 12]]
-------------------
[[14  2  4  8]
 [ 7  1  5  0]
 [ 6 10  3 11]
 [ 9 13 15 12]]
-------------------
[[14  2  4  0]
 [ 7  1  5  8]
 [ 6 10  3 11]
 [ 9 13 15 12]]
-------------------
[[14  2  0  4]
 [ 7  1  5  8]
 [ 6 10  3 11]
 [ 9 13 15 12]]
-------------------
[[14  0  2  4]
 [ 7  1  5  8]
 [ 6 10  3 11]
 [ 9 13 15 12]]
-------------------
[[14  1  2  4]
 [ 7  0  5  8]
 [ 6 10  3 11]
 [ 9 13 15 12]]
-------------------
[[14  1  2  4]
 [ 0  7  5  8]
 [ 6 10  3 11]
 [ 9 13 15 12]]
-------------------
[[ 0  1  2  4]
 [14  7  5  8]
 [ 6 10  3 11]
 [ 9 13 15 12]]
-------------------
[[ 1  0  2  4]
 [14  7  5  8]
 [ 6 10  3 11]
 [ 9 13 15 12]]
-------------------
[[ 1  7  2  4]
 [14  0  5  8]
 [ 6 10  3 11]
 [ 9 13 15 12]]
-------------------
[[ 1  7  2  4]
 [14  5  0  8]
 [ 6 10  3 11]
 [ 9 13 15 12]]
-------------------
[[ 1  7  2  4]
 [14  5  3  8]
 [ 6 10  0 11]
 [ 9 13 15 12]]
-------------------
[[ 1  7  2  4]
 [14  5  3  8]
 [ 6  0 10 11]
 [ 9 13 15 12]]
-------------------
[[ 1  7  2  4]
 [14  5  3  8]
 [ 0  6 10 11]
 [ 9 13 15 12]]
-------------------
[[ 1  7  2  4]
 [ 0  5  3  8]
 [14  6 10 11]
 [ 9 13 15 12]]
-------------------
[[ 1  7  2  4]
 [ 5  0  3  8]
 [14  6 10 11]
 [ 9 13 15 12]]
-------------------
[[ 1  0  2  4]
 [ 5  7  3  8]
 [14  6 10 11]
 [ 9 13 15 12]]
-------------------
[[ 1  2  0  4]
 [ 5  7  3  8]
 [14  6 10 11]
 [ 9 13 15 12]]
-------------------
[[ 1  2  3  4]
 [ 5  7  0  8]
 [14  6 10 11]
 [ 9 13 15 12]]
-------------------
[[ 1  2  3  4]
 [ 5  0  7  8]
 [14  6 10 11]
 [ 9 13 15 12]]
-------------------
[[ 1  2  3  4]
 [ 5  6  7  8]
 [14  0 10 11]
 [ 9 13 15 12]]
-------------------
[[ 1  2  3  4]
 [ 5  6  7  8]
 [ 0 14 10 11]
 [ 9 13 15 12]]
-------------------
[[ 1  2  3  4]
 [ 5  6  7  8]
 [ 9 14 10 11]
 [ 0 13 15 12]]
-------------------
[[ 1  2  3  4]
 [ 5  6  7  8]
 [ 9 14 10 11]
 [13  0 15 12]]
-------------------
[[ 1  2  3  4]
 [ 5  6  7  8]
 [ 9  0 10 11]
 [13 14 15 12]]
-------------------
[[ 1  2  3  4]
 [ 5  6  7  8]
 [ 9 10  0 11]
 [13 14 15 12]]
-------------------
[[ 1  2  3  4]
 [ 5  6  7  8]
 [ 9 10 11  0]
 [13 14 15 12]]
-------------------
[[ 1  2  3  4]
 [ 5  6  7  8]
 [ 9 10 11 12]
 [13 14 15  0]]
-------------------
Depth: 40
1.3467998504638672