game finished! The process is:
[[14 10  0  6]
 [ 4  9  1  8]
 [ 2  3  5 11]
 [12 13  7 15]]
-------------------
[[14  0 10  6]
 [ 4  9  1  8]
 [ 2  3  5 11]
 [12 13  7 15]]
-------------------
[[14  9 10  6]
 [ 4  0  1  8]
 [ 2  3  5 11]
 [12 13  7 15]]
-------------------
[[14  9 10  6]
 [ 0  4  1  8]
 [ 2  3  5 11]
 [12 13  7 15]]
-------------------
[[ 0  9 10  6]
 [14  4  1  8]
 [ 2  3  5 11]
 [12 13  7 15]]
-------------------
[[ 9  0 10  6]
 [14  4  1  8]
 [ 2  3  5 11]
 [12 13  7 15]]
-------------------
[[ 9  4 10  6]
 [14  0  1  8]
 [ 2  3  5 11]
 [12 13  7 15]]
-------------------
[[ 9  4 10  6]
 [14  1  0  8]
 [ 2  3  5 11]
 [12 13  7 15]]
-------------------
[[ 9  4  0  6]
 [14  1 10  8]
 [ 2  3  5 11]
 [12 13  7 15]]
-------------------
[[ 9  0  4  6]
 [14  1 10  8]
 [ 2  3  5 11]
 [12 13  7 15]]
-------------------
[[ 9  1  4  6]
 [14  0 10  8]
 [ 2  3  5 11]
 [12 13  7 15]]
-------------------
[[ 9  1  4  6]
 [14  3 10  8]
 [ 2  0  5 11]
 [12 13  7 15]]
-------------------
[[ 9  1  4  6]
 [14  3 10  8]
 [ 0  2  5 11]
 [12 13  7 15]]
-------------------
[[ 9  1  4  6]
 [ 0  3 10  8]
 [14  2  5 11]
 [12 13  7 15]]
-------------------
[[ 0  1  4  6]
 [ 9  3 10  8]
 [14  2  5 11]
 [12 13  7 15]]
-------------------
[[ 1  0  4  6]
 [ 9  3 10  8]
 [14  2  5 11]
 [12 13  7 15]]
-------------------
[[ 1  3  4  6]
 [ 9  0 10  8]
 [14  2  5 11]
 [12 13  7 15]]
-------------------
[[ 1  3  4  6]
 [ 9  2 10  8]
 [14  0  5 11]
 [12 13  7 15]]
-------------------
[[ 1  3  4  6]
 [ 9  2 10  8]
 [14 13  5 11]
 [12  0  7 15]]
-------------------
[[ 1  3  4  6]
 [ 9  2 10  8]
 [14 13  5 11]
 [ 0 12  7 15]]
-------------------
[[ 1  3  4  6]
 [ 9  2 10  8]
 [ 0 13  5 11]
 [14 12  7 15]]
-------------------
[[ 1  3  4  6]
 [ 9  2 10  8]
 [13  0  5 11]
 [14 12  7 15]]
-------------------
[[ 1  3  4  6]
 [ 9  2 10  8]
 [13  5  0 11]
 [14 12  7 15]]
-------------------
[[ 1  3  4  6]
 [ 9  2 10  8]
 [13  5 11  0]
 [14 12  7 15]]
-------------------
[[ 1  3  4  6]
 [ 9  2 10  0]
 [13  5 11  8]
 [14 12  7 15]]
-------------------
[[ 1  3  4  0]
 [ 9  2 10  6]
 [13  5 11  8]
 [14 12  7 15]]
-------------------
[[ 1  3  0  4]
 [ 9  2 10  6]
 [13  5 11  8]
 [14 12  7 15]]
-------------------
[[ 1  0  3  4]
 [ 9  2 10  6]
 [13  5 11  8]
 [14 12  7 15]]
-------------------
[[ 1  2  3  4]
 [ 9  0 10  6]
 [13  5 11  8]
 [14 12  7 15]]
-------------------
[[ 1  2  3  4]
 [ 9  5 10  6]
 [13  0 11  8]
 [14 12  7 15]]
-------------------
[[ 1  2  3  4]
 [ 9  5 10  6]
 [13 12 11  8]
 [14  0  7 15]]
-------------------
[[ 1  2  3  4]
 [ 9  5 10  6]
 [13 12 11  8]
 [14  7  0 15]]
-------------------
[[ 1  2  3  4]
 [ 9  5 10  6]
 [13 12  0  8]
 [14  7 11 15]]
-------------------
[[ 1  2  3  4]
 [ 9  5 10  6]
 [13  0 12  8]
 [14  7 11 15]]
-------------------
[[ 1  2  3  4]
 [ 9  5 10  6]
 [13  7 12  8]
 [14  0 11 15]]
-------------------
[[ 1  2  3  4]
 [ 9  5 10  6]
 [13  7 12  8]
 [ 0 14 11 15]]
-------------------
[[ 1  2  3  4]
 [ 9  5 10  6]
 [ 0  7 12  8]
 [13 14 11 15]]
-------------------
[[ 1  2  3  4]
 [ 0  5 10  6]
 [ 9  7 12  8]
 [13 14 11 15]]
-------------------
[[ 1  2  3  4]
 [ 5  0 10  6]
 [ 9  7 12  8]
 [13 14 11 15]]
-------------------
[[ 1  2  3  4]
 [ 5 10  0  6]
 [ 9  7 12  8]
 [13 14 11 15]]
-------------------
[[ 1  2  3  4]
 [ 5 10  6  0]
 [ 9  7 12  8]
 [13 14 11 15]]
-------------------
[[ 1  2  3  4]
 [ 5 10  6  8]
 [ 9  7 12  0]
 [13 14 11 15]]
-------------------
[[ 1  2  3  4]
 [ 5 10  6  8]
 [ 9  7  0 12]
 [13 14 11 15]]
-------------------
[[ 1  2  3  4]
 [ 5 10  6  8]
 [ 9  0  7 12]
 [13 14 11 15]]
-------------------
[[ 1  2  3  4]
 [ 5  0  6  8]
 [ 9 10  7 12]
 [13 14 11 15]]
-------------------
[[ 1  2  3  4]
 [ 5  6  0  8]
 [ 9 10  7 12]
 [13 14 11 15]]
-------------------
[[ 1  2  3  4]
 [ 5  6  7  8]
 [ 9 10  0 12]
 [13 14 11 15]]
-------------------
[[ 1  2  3  4]
 [ 5  6  7  8]
 [ 9 10 11 12]
 [13 14  0 15]]
-------------------
[[ 1  2  3  4]
 [ 5  6  7  8]
 [ 9 10 11 12]
 [13 14 15  0]]
-------------------
Depth: 49
404597
58.39620566368103