game finished! The process is:
[[ 6 10  3 15]
 [14  8  7 11]
 [ 5  1  9  2]
 [13 12  0  4]]
-------------------
[[ 6 10  3 15]
 [14  8  7 11]
 [ 5  1  9  2]
 [13  0 12  4]]
-------------------
[[ 6 10  3 15]
 [14  8  7 11]
 [ 5  1  9  2]
 [ 0 13 12  4]]
-------------------
[[ 6 10  3 15]
 [14  8  7 11]
 [ 0  1  9  2]
 [ 5 13 12  4]]
-------------------
[[ 6 10  3 15]
 [14  8  7 11]
 [ 1  0  9  2]
 [ 5 13 12  4]]
-------------------
[[ 6 10  3 15]
 [14  8  7 11]
 [ 1  9  0  2]
 [ 5 13 12  4]]
-------------------
[[ 6 10  3 15]
 [14  8  0 11]
 [ 1  9  7  2]
 [ 5 13 12  4]]
-------------------
[[ 6 10  3 15]
 [14  8 11  0]
 [ 1  9  7  2]
 [ 5 13 12  4]]
-------------------
[[ 6 10  3 15]
 [14  8 11  2]
 [ 1  9  7  0]
 [ 5 13 12  4]]
-------------------
[[ 6 10  3 15]
 [14  8 11  2]
 [ 1  9  7  4]
 [ 5 13 12  0]]
-------------------
[[ 6 10  3 15]
 [14  8 11  2]
 [ 1  9  7  4]
 [ 5 13  0 12]]
-------------------
[[ 6 10  3 15]
 [14  8 11  2]
 [ 1  9  7  4]
 [ 5  0 13 12]]
-------------------
[[ 6 10  3 15]
 [14  8 11  2]
 [ 1  0  7  4]
 [ 5  9 13 12]]
-------------------
[[ 6 10  3 15]
 [14  8 11  2]
 [ 1  7  0  4]
 [ 5  9 13 12]]
-------------------
[[ 6 10  3 15]
 [14  8  0  2]
 [ 1  7 11  4]
 [ 5  9 13 12]]
-------------------
[[ 6 10  3 15]
 [14  8  2  0]
 [ 1  7 11  4]
 [ 5  9 13 12]]
-------------------
[[ 6 10  3  0]
 [14  8  2 15]
 [ 1  7 11  4]
 [ 5  9 13 12]]
-------------------
[[ 6 10  0  3]
 [14  8  2 15]
 [ 1  7 11  4]
 [ 5  9 13 12]]
-------------------
[[ 6 10  2  3]
 [14  8  0 15]
 [ 1  7 11  4]
 [ 5  9 13 12]]
-------------------
[[ 6 10  2  3]
 [14  8 15  0]
 [ 1  7 11  4]
 [ 5  9 13 12]]
-------------------
[[ 6 10  2  3]
 [14  8 15  4]
 [ 1  7 11  0]
 [ 5  9 13 12]]
-------------------
[[ 6 10  2  3]
 [14  8 15  4]
 [ 1  7  0 11]
 [ 5  9 13 12]]
-------------------
[[ 6 10  2  3]
 [14  8  0  4]
 [ 1  7 15 11]
 [ 5  9 13 12]]
-------------------
[[ 6 10  2  3]
 [14  0  8  4]
 [ 1  7 15 11]
 [ 5  9 13 12]]
-------------------
[[ 6 10  2  3]
 [ 0 14  8  4]
 [ 1  7 15 11]
 [ 5  9 13 12]]
-------------------
[[ 6 10  2  3]
 [ 1 14  8  4]
 [ 0  7 15 11]
 [ 5  9 13 12]]
-------------------
[[ 6 10  2  3]
 [ 1 14  8  4]
 [ 5  7 15 11]
 [ 0  9 13 12]]
-------------------
[[ 6 10  2  3]
 [ 1 14  8  4]
 [ 5  7 15 11]
 [ 9  0 13 12]]
-------------------
[[ 6 10  2  3]
 [ 1 14  8  4]
 [ 5  7 15 11]
 [ 9 13  0 12]]
-------------------
[[ 6 10  2  3]
 [ 1 14  8  4]
 [ 5  7  0 11]
 [ 9 13 15 12]]
-------------------
[[ 6 10  2  3]
 [ 1 14  8  4]
 [ 5  0  7 11]
 [ 9 13 15 12]]
-------------------
[[ 6 10  2  3]
 [ 1  0  8  4]
 [ 5 14  7 11]
 [ 9 13 15 12]]
-------------------
[[ 6  0  2  3]
 [ 1 10  8  4]
 [ 5 14  7 11]
 [ 9 13 15 12]]
-------------------
[[ 0  6  2  3]
 [ 1 10  8  4]
 [ 5 14  7 11]
 [ 9 13 15 12]]
-------------------
[[ 1  6  2  3]
 [ 0 10  8  4]
 [ 5 14  7 11]
 [ 9 13 15 12]]
-------------------
[[ 1  6  2  3]
 [ 5 10  8  4]
 [ 0 14  7 11]
 [ 9 13 15 12]]
-------------------
[[ 1  6  2  3]
 [ 5 10  8  4]
 [ 9 14  7 11]
 [ 0 13 15 12]]
-------------------
[[ 1  6  2  3]
 [ 5 10  8  4]
 [ 9 14  7 11]
 [13  0 15 12]]
-------------------
[[ 1  6  2  3]
 [ 5 10  8  4]
 [ 9  0  7 11]
 [13 14 15 12]]
-------------------
[[ 1  6  2  3]
 [ 5  0  8  4]
 [ 9 10  7 11]
 [13 14 15 12]]
-------------------
[[ 1  0  2  3]
 [ 5  6  8  4]
 [ 9 10  7 11]
 [13 14 15 12]]
-------------------
[[ 1  2  0  3]
 [ 5  6  8  4]
 [ 9 10  7 11]
 [13 14 15 12]]
-------------------
[[ 1  2  3  0]
 [ 5  6  8  4]
 [ 9 10  7 11]
 [13 14 15 12]]
-------------------
[[ 1  2  3  4]
 [ 5  6  8  0]
 [ 9 10  7 11]
 [13 14 15 12]]
-------------------
[[ 1  2  3  4]
 [ 5  6  0  8]
 [ 9 10  7 11]
 [13 14 15 12]]
-------------------
[[ 1  2  3  4]
 [ 5  6  7  8]
 [ 9 10  0 11]
 [13 14 15 12]]
-------------------
[[ 1  2  3  4]
 [ 5  6  7  8]
 [ 9 10 11  0]
 [13 14 15 12]]
-------------------
[[ 1  2  3  4]
 [ 5  6  7  8]
 [ 9 10 11 12]
 [13 14 15  0]]
-------------------
Depth: 48
2964935
369.8874089717865